[gd_scene load_steps=3 format=3 uid="uid://it6majhd2sqd"]

[ext_resource type="PackedScene" uid="uid://np51o35vf0gb" path="res://Games/RocketLander/environments/cave_environment.tscn" id="1_g6y36"]
[ext_resource type="Material" uid="uid://hidwjxe5s765" path="res://Games/RocketLander/materials/cave_surface.tres" id="1_x02es"]

[node name="Floor" type="CSGBox3D"]
transform = Transform3D(1, 0, 0, 0, 1, 0, 0, 0, 1, -0.0034647, -4.03332, 0.0347519)
use_collision = true
size = Vector3(75, 8, 5)
material = ExtResource("1_x02es")

[node name="Wall" type="CSGBox3D" parent="."]
transform = Transform3D(0.0850345, 0.996378, 0, -0.996378, 0.0850345, 0, 0, 0, 1, 9.93765, 21.0688, -7.45058e-09)
size = Vector3(4, 10, 4)
material = ExtResource("1_x02es")

[node name="Wall16" type="CSGBox3D" parent="."]
transform = Transform3D(-0.628221, 0.778035, 0, -0.778035, -0.628221, 0, 0, 0, 1, 17.3108, 20.063, 0)
size = Vector3(4, 10, 4)
material = ExtResource("1_x02es")

[node name="Wall17" type="CSGBox3D" parent="."]
transform = Transform3D(0.503307, 0.864108, 0, -0.864108, 0.503307, 0, 0, 0, 1, 21.4214, 20.4876, 0)
size = Vector3(4, 10, 4)
material = ExtResource("1_x02es")

[node name="Wall18" type="CSGBox3D" parent="."]
transform = Transform3D(0.276291, -0.961074, 0, 0.961074, 0.276291, 0, 0, 0, 1, 28.6546, 20.3703, 0)
size = Vector3(4, 10, 4)
material = ExtResource("1_x02es")

[node name="Wall19" type="CSGBox3D" parent="."]
transform = Transform3D(0.971751, -0.236007, 0, 0.236007, 0.971751, 0, 0, 0, 1, 34.2278, 17.2171, 0)
size = Vector3(4, 10, 4)
material = ExtResource("1_x02es")

[node name="Wall28" type="CSGBox3D" parent="."]
transform = Transform3D(0.995431, 0.0954807, 0, -0.0954807, 0.995431, 0, 0, 0, 1, 35.9508, 8.87123, 0)
size = Vector3(4, 10, 4)
material = ExtResource("1_x02es")

[node name="Wall27" type="CSGBox3D" parent="."]
transform = Transform3D(-4.37114e-08, -1, 0, 1, -4.37114e-08, 0, 0, 0, 1, 27.9694, 7.82303, 0.0181198)
size = Vector3(7.60742, 10, 5.00294)
material = ExtResource("1_x02es")

[node name="Wall2" type="CSGBox3D" parent="."]
transform = Transform3D(0.562863, 0.82655, 0, -0.82655, 0.562863, 0, 0, 0, 1, 3.34896, 20.421, -7.45058e-09)
size = Vector3(4, 10, 4)
material = ExtResource("1_x02es")

[node name="Wall3" type="CSGBox3D" parent="."]
transform = Transform3D(0.523347, -0.85212, 0, 0.85212, 0.523347, 0, 0, 0, 1, -3.40388, 20.5166, -7.45058e-09)
size = Vector3(4, 10, 4)
material = ExtResource("1_x02es")

[node name="Wall4" type="CSGBox3D" parent="."]
transform = Transform3D(-0.100518, -0.994935, 0, 0.994935, -0.100518, 0, 0, 0, 1, -10.1972, 21.4768, -7.45058e-09)
size = Vector3(4, 10, 4)
material = ExtResource("1_x02es")

[node name="Wall9" type="CSGBox3D" parent="."]
transform = Transform3D(-0.871721, -0.313822, 0.376321, 0.263136, -0.947675, -0.180749, 0.413353, -0.058539, 0.908687, -10.5929, 16.4115, -3.9279)
size = Vector3(4, 12.5214, 4)
material = ExtResource("1_x02es")

[node name="Wall10" type="CSGBox3D" parent="."]
transform = Transform3D(-0.957405, 0.190958, 0.216588, -0.172805, -0.979862, 0.100041, 0.23133, 0.0583524, 0.971124, -20.191, 16.0442, -4.36404)
size = Vector3(4, 10, 4)
material = ExtResource("1_x02es")

[node name="Wall11" type="CSGBox3D" parent="."]
transform = Transform3D(-0.950043, 0.299436, -0.0880758, -0.309687, -0.939493, 0.146446, -0.0388956, 0.166406, 0.98529, -26.7171, 16.0442, -4.61152)
size = Vector3(4, 10, 4)
material = ExtResource("1_x02es")

[node name="Wall13" type="CSGBox3D" parent="."]
transform = Transform3D(-0.891087, -0.142338, 0.430934, 0.224035, -0.963744, 0.144934, 0.39468, 0.225693, 0.890668, -10.442, 4.44491, -5.08998)
size = Vector3(4, 10, 4)
material = ExtResource("1_x02es")

[node name="Wall14" type="CSGBox3D" parent="."]
transform = Transform3D(-0.603644, 0.302127, 0.737789, -0.117455, -0.949017, 0.292526, 0.788555, 0.0899247, 0.608355, -17.3917, 4.44491, -5.08998)
size = Vector3(4, 10, 4)
material = ExtResource("1_x02es")

[node name="Wall15" type="CSGBox3D" parent="."]
transform = Transform3D(0.0614604, 0.0988554, 0.993202, -0.0234475, -0.994666, 0.100452, 0.997835, -0.0294619, -0.0588148, -26.7397, 4.93433, -4.38054)
size = Vector3(4, 10, 4)
material = ExtResource("1_x02es")

[node name="Wall20" type="CSGBox3D" parent="."]
transform = Transform3D(-0.871721, -0.313822, 0.376321, 0.263136, -0.947675, -0.180749, 0.413353, -0.058539, 0.908687, 13.5386, 16.4115, -3.9279)
size = Vector3(4, 12.5214, 4)
material = ExtResource("1_x02es")

[node name="Wall21" type="CSGBox3D" parent="."]
transform = Transform3D(-0.957405, 0.190958, 0.216588, -0.172805, -0.979862, 0.100041, 0.23133, 0.0583524, 0.971124, 3.94053, 16.0442, -4.36404)
size = Vector3(4, 10, 4)
material = ExtResource("1_x02es")

[node name="Wall22" type="CSGBox3D" parent="."]
transform = Transform3D(-0.950043, 0.299436, -0.0880758, -0.309687, -0.939493, 0.146446, -0.0388956, 0.166406, 0.98529, -2.58559, 16.0442, -4.61152)
size = Vector3(4, 10, 4)
material = ExtResource("1_x02es")

[node name="Wall23" type="CSGBox3D" parent="."]
transform = Transform3D(-0.888481, 0.340782, 0.307358, -0.234156, -0.91265, 0.335024, 0.39468, 0.225693, 0.890668, 20.0031, 4.44491, -5.08998)
size = Vector3(4, 10, 4)
material = ExtResource("1_x02es")

[node name="Wall29" type="CSGBox3D" parent="."]
transform = Transform3D(-0.871721, -0.313822, 0.376321, 0.263136, -0.947675, -0.180749, 0.413353, -0.058539, 0.908687, 28.7534, 16.4115, -5.56948)
size = Vector3(4, 12.5214, 4)
material = ExtResource("1_x02es")

[node name="Wall30" type="CSGBox3D" parent="."]
transform = Transform3D(-0.888481, 0.340782, 0.307358, -0.234156, -0.91265, 0.335024, 0.39468, 0.225693, 0.890668, 35.2179, 4.44491, -5.08998)
size = Vector3(4, 10, 4)
material = ExtResource("1_x02es")

[node name="Wall31" type="CSGBox3D" parent="."]
transform = Transform3D(-0.888481, 0.340782, 0.307358, -0.234156, -0.91265, 0.335024, 0.39468, 0.225693, 0.890668, 21.9122, 13.6196, -8.09483)
size = Vector3(4, 10, 4)
material = ExtResource("1_x02es")

[node name="Wall24" type="CSGBox3D" parent="."]
transform = Transform3D(-0.891087, -0.142338, 0.430934, 0.224035, -0.963744, 0.144934, 0.39468, 0.225693, 0.890668, 13.6895, 4.44491, -5.08998)
size = Vector3(4, 10, 4)
material = ExtResource("1_x02es")

[node name="Wall25" type="CSGBox3D" parent="."]
transform = Transform3D(-0.603644, 0.302127, 0.737789, -0.117455, -0.949017, 0.292526, 0.788555, 0.0899247, 0.608355, 6.73975, 4.44491, -5.08998)
size = Vector3(4, 10, 4)
material = ExtResource("1_x02es")

[node name="Wall5" type="CSGBox3D" parent="."]
transform = Transform3D(0.214002, -0.976833, 0, 0.976833, 0.214002, 2.32831e-09, 3.72529e-09, 0, 1, -19.3406, 20.749, -4.84288e-07)
size = Vector3(4, 10, 4)
material = ExtResource("1_x02es")

[node name="Wall26" type="CSGBox3D" parent="."]
transform = Transform3D(0.0614604, 0.0988554, 0.993202, -0.0234475, -0.994666, 0.100452, 0.997835, -0.0294619, -0.0588148, -2.60819, 4.93433, -4.38054)
size = Vector3(4, 10, 4)
material = ExtResource("1_x02es")

[node name="Wall6" type="CSGBox3D" parent="."]
transform = Transform3D(-0.373069, -0.927804, 0, 0.927804, -0.373069, 0, 0, 0, 1, -28.1249, 20.2963, -7.45058e-09)
size = Vector3(4, 10, 4)
material = ExtResource("1_x02es")

[node name="Wall7" type="CSGBox3D" parent="."]
transform = Transform3D(-0.898825, -0.438308, 0, 0.438308, -0.898825, 0, 0, 0, 1, -32.2544, 14.8444, -7.45058e-09)
size = Vector3(4, 10, 4)
material = ExtResource("1_x02es")

[node name="Wall8" type="CSGBox3D" parent="."]
transform = Transform3D(-0.96709, 0.254433, 0, -0.254433, -0.96709, 0, 0, 0, 1, -34.32, 7.76591, 0)
size = Vector3(4, 10, 4)
material = ExtResource("1_x02es")

[node name="WorldEnvironment" parent="." instance=ExtResource("1_g6y36")]
